1
1
1
2
1
1
0
1
1
2
4
1
6
1
8
2
2
9
0
2
1
6
1
0
1
3
2
1
0
3
6
6
2
8
1
4
2
1
4
1
11
1
4
1
2
2
3
3
1
0
1
1
3
2
1
9
20
1
1
5
1
0
8
7
1
5
1
0
2
7
6
6
11
1
2
6
14
3
7
17
10
1
11
3
4
14
1
5
5
1
6
5
24
3
1
7
1
3
12
1
3
1
12
9
2
3
3
2
3
5
2
2
5
4
3
4
21
13
29
1
9
1
1
2
3
7
2
21
18
11
3
5
15
3
1
1
1
6
7
10
18
4
10
4
3
4
4
21
1
7
1
8
4
31
1
17
13
4
3
4
10
9
11
1
7
3
6
2
2
15
14
2
8
11
1
6
0
13
9
1
5
15
2
2
8
1
9
8
5
0
10
14
15
11
7
3
2
1
3
11
5
1
0
16
8
6
1
7
2
8
3
2
8
2
3
1
6
2
4
19
15
3
10
25
2
1
3
18
5
3
4
53
12
2
5
1
1
1
2
14
6
15
1
5
5
5
4
3
1
6
6
14
2
3
13
2
4
5
20
2
2
5
3
3
10
6
6
3
1
6
20
7
19
16
22
8
5
1
8
13
11
3
7
25
4
12
3
14
2
2
4
6
10
1
14
22
0
7
0
5
2
9
3
10
4
4
1
5
11
13
10
3
1
9
30
1
11
25
14
23
13
12
10
52
9
16
9
6
7
51
2
2
18
2
12
38
16
2
19
2
1
2
21
1
5
18
15
5
3
2
1
1
9
5
3
2
27
7
32
6
2
16
41
17
9
1
10
4
5
9
2
6
18
6
7
13
2
4
4
14
11
5
16
17
9
3
3
4
2
2
6
9
1
26
10
3
20
1
14
7
8
4
1
50
1
7
4
7
3
0
29
4
36
7
3
10
2
25
3
4
2
21
18
5
24
39
40
8
2
17
11
10
17
1
1
10
3
1
4
4
3
11
12
28
14
13
11
21
10
22
2
2
6
11
18
30
14
7
25
3
2
0
4
19
3
2
11
9
7
23
9
16
23
24
8
21
15
11
7
2
11
9
15
2
5
28
3
10
30
17
5
12
3
5
18
18
27
19
6
12
9
35
7
5
4
31
3
15
0
19
23
6
7
31
2
9
3
7
2
31
19
30
10
8
17
16
2
23
10
1
14
4
7
30
29
4
56
49
25
43
3
55
6
13
36
16
1
43
5
12
36
8
3
23
37
1
17
26
12
41
33
13
1
79
66
27
20
9
49
4
7
3
15
6
35
65
21
2
11
26
1
55
2
9
4
80
9
7
15
16
61
17
15
4
6
27
20
36
1
14
55
1
14
36
15
20
7
7
5
8
2
8
3
22
24
2
5
6
3
13
5
77
34
17
2
59
11
4
46
4
18
41
94
17
3
12
21
17
36
6
2
11
3
35
14
2
34
10
2
14
15
4
5
3
36
5
23
55
10
2
33
30
49
1
14
29
24
8
32
19
20
2
7
1
14
23
4
6
3
3
1
3
24
30
23
4
27
15
44
6
11
32
27
7
23
5
36
68
8
15
27
65
15
13
6
35
11
87
113
7
103
61
57
3
19
46
2
1
7
4
43
11
9
20
25
10
1
1
4
56
6
110
57
48
19
2
13
44
13
35
88
5
55
3
4
79
3
80
11
104
3
26
23
10
51
124
6
30
19
7
31
7
2
66
24
12
42
13
6
16
2
13
11
4
103
19
53
17
50
10
5
27
44
9
23
30
18
5
65
22
14
37
3
3
24
6
87
3
85
37